{
 "cells": [
  {
   "cell_type": "markdown",
   "metadata": {},
   "source": [
    "<img src=\"tmva_logo.gif\" height=\"20%\" width=\"20%\">\n",
    "\n",
    "# TMVA tt+charm(bar) Classification in Python\n",
    "\n",
    "Adpt from the tutorial TMVA higgs classification example.\n",
    "Use some of the native TMVA methods and methods from Keras and scikit-learn."
   ]
  },
  {
   "cell_type": "code",
   "execution_count": 1,
   "metadata": {},
   "outputs": [
    {
     "name": "stdout",
     "output_type": "stream",
     "text": [
      "Welcome to JupyROOT 6.20/06\n"
     ]
    }
   ],
   "source": [
    "import ROOT\n",
    "from ROOT import TMVA"
   ]
  },
  {
   "cell_type": "markdown",
   "metadata": {},
   "source": [
    "## Declare Factory\n",
    "\n",
    " - The first argument is the base of the name of all the output\n",
    "weightfiles in the directory weight/ that will be created with the \n",
    "method parameters \n",
    "\n",
    " - The second argument is the output file for the training results\n",
    "  \n",
    " - The third argument is a string option defining some general configuration for the TMVA session. For example all TMVA output can be suppressed by removing the \"!\" (not) in front of the \"Silent\" argument in the option string"
   ]
  },
  {
   "cell_type": "code",
   "execution_count": 2,
   "metadata": {},
   "outputs": [],
   "source": [
    "ROOT.TMVA.Tools.Instance()\n",
    "## For PYMVA methods\n",
    "TMVA.PyMethodBase.PyInitialize();\n",
    "\n",
    "\n",
    "outputFile = ROOT.TFile.Open(\"/eos/user/e/efe/DataAnalysis/ntuples_and_plots/11nov/TMVA_ClassificationOutput.root\", \"RECREATE\") \n",
    "factory = ROOT.TMVA.Factory(\"TMVA_ClassificationOutput\", outputFile,\n",
    "                      \"!V:ROC:!Silent:Color:!DrawProgressBar:AnalysisType=Classification\" )"
   ]
  },
  {
   "cell_type": "markdown",
   "metadata": {},
   "source": [
    "## Input Data\n"
   ]
  },
  {
   "cell_type": "code",
   "execution_count": 3,
   "metadata": {},
   "outputs": [
    {
     "name": "stdout",
     "output_type": "stream",
     "text": [
      "******************************************************************************\n",
      "*Tree    :TreeInput : TreeInput                                              *\n",
      "*Entries :   411307 : Total =        51178069 bytes  File  Size =   42393411 *\n",
      "*        :          : Tree compression factor =   1.21                       *\n",
      "******************************************************************************\n",
      "*Br    0 :event     : event/I                                                *\n",
      "*Entries :   411307 : Total  Size=    1650771 bytes  File Size  =    1303741 *\n",
      "*Baskets :       54 : Basket Size=      32000 bytes  Compression=   1.27     *\n",
      "*............................................................................*\n",
      "*Br    1 :run       : run/i                                                  *\n",
      "*Entries :   411307 : Total  Size=    1650655 bytes  File Size  =      13978 *\n",
      "*Baskets :       54 : Basket Size=      32000 bytes  Compression= 117.99     *\n",
      "*............................................................................*\n",
      "*Br    2 :lumi      : lumi/i                                                 *\n",
      "*Entries :   411307 : Total  Size=    1650713 bytes  File Size  =      28935 *\n",
      "*Baskets :       54 : Basket Size=      32000 bytes  Compression=  57.00     *\n",
      "*............................................................................*\n",
      "*Br    3 :t_weight  : t_weight/F                                             *\n",
      "*Entries :   411307 : Total  Size=    1650945 bytes  File Size  =    1480846 *\n",
      "*Baskets :       54 : Basket Size=      32000 bytes  Compression=   1.11     *\n",
      "*............................................................................*\n",
      "*Br    4 :CvsL1     : CvsL1/F                                                *\n",
      "*Entries :   411307 : Total  Size=    1650771 bytes  File Size  =    1473834 *\n",
      "*Baskets :       54 : Basket Size=      32000 bytes  Compression=   1.12     *\n",
      "*............................................................................*\n",
      "*Br    5 :CvsB1     : CvsB1/F                                                *\n",
      "*Entries :   411307 : Total  Size=    1650771 bytes  File Size  =    1490046 *\n",
      "*Baskets :       54 : Basket Size=      32000 bytes  Compression=   1.11     *\n",
      "*............................................................................*\n",
      "*Br    6 :CvsL2     : CvsL2/F                                                *\n",
      "*Entries :   411307 : Total  Size=    1650771 bytes  File Size  =    1453262 *\n",
      "*Baskets :       54 : Basket Size=      32000 bytes  Compression=   1.13     *\n",
      "*............................................................................*\n",
      "*Br    7 :CvsB2     : CvsB2/F                                                *\n",
      "*Entries :   411307 : Total  Size=    1650771 bytes  File Size  =    1519730 *\n",
      "*Baskets :       54 : Basket Size=      32000 bytes  Compression=   1.09     *\n",
      "*............................................................................*\n",
      "*Br    8 :CvsL3     : CvsL3/F                                                *\n",
      "*Entries :   411307 : Total  Size=    1650771 bytes  File Size  =    1456689 *\n",
      "*Baskets :       54 : Basket Size=      32000 bytes  Compression=   1.13     *\n",
      "*............................................................................*\n",
      "*Br    9 :CvsB3     : CvsB3/F                                                *\n",
      "*Entries :   411307 : Total  Size=    1650771 bytes  File Size  =    1514728 *\n",
      "*Baskets :       54 : Basket Size=      32000 bytes  Compression=   1.09     *\n",
      "*............................................................................*\n",
      "*Br   10 :t_m_lep_jet1 : t_m_lep_jet1/F                                      *\n",
      "*Entries :   411307 : Total  Size=    1651177 bytes  File Size  =    1463921 *\n",
      "*Baskets :       54 : Basket Size=      32000 bytes  Compression=   1.13     *\n",
      "*............................................................................*\n",
      "*Br   11 :t_m_lep_bottom : t_m_lep_bottom/F                                  *\n",
      "*Entries :   411307 : Total  Size=    1651293 bytes  File Size  =     768478 *\n",
      "*Baskets :       54 : Basket Size=      32000 bytes  Compression=   2.15     *\n",
      "*............................................................................*\n",
      "*Br   12 :t_HT      : t_HT/F                                                 *\n",
      "*Entries :   411307 : Total  Size=    1650713 bytes  File Size  =    1457235 *\n",
      "*Baskets :       54 : Basket Size=      32000 bytes  Compression=   1.13     *\n",
      "*............................................................................*\n",
      "*Br   13 :t_dphi_ll : t_dphi_ll/F                                            *\n",
      "*Entries :   411307 : Total  Size=    1651003 bytes  File Size  =    1511823 *\n",
      "*Baskets :       54 : Basket Size=      32000 bytes  Compression=   1.09     *\n",
      "*............................................................................*\n",
      "*Br   14 :t_deepcsv : t_deepcsv/F                                            *\n",
      "*Entries :   411307 : Total  Size=    1651003 bytes  File Size  =    1456828 *\n",
      "*Baskets :       54 : Basket Size=      32000 bytes  Compression=   1.13     *\n",
      "*............................................................................*\n",
      "*Br   15 :t_pt_l1   : t_pt_l1/F                                              *\n",
      "*Entries :   411307 : Total  Size=    1650887 bytes  File Size  =    1443909 *\n",
      "*Baskets :       54 : Basket Size=      32000 bytes  Compression=   1.14     *\n",
      "*............................................................................*\n",
      "*Br   16 :t_pt_l2   : t_pt_l2/F                                              *\n",
      "*Entries :   411307 : Total  Size=    1650887 bytes  File Size  =    1458896 *\n",
      "*Baskets :       54 : Basket Size=      32000 bytes  Compression=   1.13     *\n",
      "*............................................................................*\n",
      "*Br   17 :t_eta_l1  : t_eta_l1/F                                             *\n",
      "*Entries :   411307 : Total  Size=    1650945 bytes  File Size  =    1525233 *\n",
      "*Baskets :       54 : Basket Size=      32000 bytes  Compression=   1.08     *\n",
      "*............................................................................*\n",
      "*Br   18 :t_eta_l2  : t_eta_l2/F                                             *\n",
      "*Entries :   411307 : Total  Size=    1650945 bytes  File Size  =    1525841 *\n",
      "*Baskets :       54 : Basket Size=      32000 bytes  Compression=   1.08     *\n",
      "*............................................................................*\n",
      "*Br   19 :t_phi_l1  : t_phi_l1/F                                             *\n",
      "*Entries :   411307 : Total  Size=    1650945 bytes  File Size  =    1524954 *\n",
      "*Baskets :       54 : Basket Size=      32000 bytes  Compression=   1.08     *\n",
      "*............................................................................*\n",
      "*Br   20 :t_phi_l2  : t_phi_l2/F                                             *\n",
      "*Entries :   411307 : Total  Size=    1650945 bytes  File Size  =    1524682 *\n",
      "*Baskets :       54 : Basket Size=      32000 bytes  Compression=   1.08     *\n",
      "*............................................................................*\n",
      "*Br   21 :t_pt_j1   : t_pt_j1/F                                              *\n",
      "*Entries :   411307 : Total  Size=    1650887 bytes  File Size  =    1459947 *\n",
      "*Baskets :       54 : Basket Size=      32000 bytes  Compression=   1.13     *\n",
      "*............................................................................*\n",
      "*Br   22 :t_pt_j2   : t_pt_j2/F                                              *\n",
      "*Entries :   411307 : Total  Size=    1650887 bytes  File Size  =    1460196 *\n",
      "*Baskets :       54 : Basket Size=      32000 bytes  Compression=   1.13     *\n",
      "*............................................................................*\n",
      "*Br   23 :t_pt_j3   : t_pt_j3/F                                              *\n",
      "*Entries :   411307 : Total  Size=    1650887 bytes  File Size  =    1453797 *\n",
      "*Baskets :       54 : Basket Size=      32000 bytes  Compression=   1.13     *\n",
      "*............................................................................*\n",
      "*Br   24 :t_eta_j1  : t_eta_j1/F                                             *\n",
      "*Entries :   411307 : Total  Size=    1650945 bytes  File Size  =    1524709 *\n",
      "*Baskets :       54 : Basket Size=      32000 bytes  Compression=   1.08     *\n",
      "*............................................................................*\n",
      "*Br   25 :t_eta_j2  : t_eta_j2/F                                             *\n",
      "*Entries :   411307 : Total  Size=    1650945 bytes  File Size  =    1524798 *\n",
      "*Baskets :       54 : Basket Size=      32000 bytes  Compression=   1.08     *\n",
      "*............................................................................*\n",
      "*Br   26 :t_eta_j3  : t_eta_j3/F                                             *\n",
      "*Entries :   411307 : Total  Size=    1650945 bytes  File Size  =    1524281 *\n",
      "*Baskets :       54 : Basket Size=      32000 bytes  Compression=   1.08     *\n",
      "*............................................................................*\n",
      "*Br   27 :t_phi_j1  : t_phi_j1/F                                             *\n",
      "*Entries :   411307 : Total  Size=    1650945 bytes  File Size  =    1524597 *\n",
      "*Baskets :       54 : Basket Size=      32000 bytes  Compression=   1.08     *\n",
      "*............................................................................*\n",
      "*Br   28 :t_phi_j2  : t_phi_j2/F                                             *\n",
      "*Entries :   411307 : Total  Size=    1650945 bytes  File Size  =    1524576 *\n",
      "*Baskets :       54 : Basket Size=      32000 bytes  Compression=   1.08     *\n",
      "*............................................................................*\n",
      "*Br   29 :t_phi_j3  : t_phi_j3/F                                             *\n",
      "*Entries :   411307 : Total  Size=    1650945 bytes  File Size  =    1524816 *\n",
      "*Baskets :       54 : Basket Size=      32000 bytes  Compression=   1.08     *\n",
      "*............................................................................*\n",
      "*Br   30 :t_met     : t_met/F                                                *\n",
      "*Entries :   411307 : Total  Size=    1650771 bytes  File Size  =    1459537 *\n",
      "*Baskets :       54 : Basket Size=      32000 bytes  Compression=   1.13     *\n",
      "*............................................................................*\n"
     ]
    }
   ],
   "source": [
    "#inputFileName = \"root://eosuser.cern.ch//eos/user/e/efe/SWAN_projects/tmva-tutorial/notebooks/MC13TeV_2017_TAToTTQ_MA-scan_TuneCP5_13TeV_G2HDM-rtc04.root\"\n",
    "#inputFileName2 = \"root://eosuser.cern.ch//eos/user/e/efe/SWAN_projects/tmva-tutorial/notebooks/MC13TeV_2017_TTJets.root\"\n",
    "#inputFileName4 = \"root://eosuser.cern.ch//eos/user/e/efe/SWAN_projects/tmva-tutorial/notebooks/MC13TeV_2017_TTWJetsToLNu.root\"\n",
    "#inputFileName5 = \"root://eosuser.cern.ch//eos/user/e/efe/SWAN_projects/tmva-tutorial/notebooks/MC13TeV_2017_TTZToLLNuNu.root\"\n",
    "#inputFileName6 = \"root://eosuser.cern.ch//eos/user/e/efe/SWAN_projects/tmva-tutorial/notebooks/MC13TeV_2017_tZq_ll.root\"\n",
    "\n",
    "inputFileName = \"/eos/user/e/efe/DataAnalysis/ntuples_and_plots/11nov/MC13TeV_2017_TAToTTQ_MA-scan_TuneCP5_13TeV_G2HDM-rtc04.root\"\n",
    "inputFileName2 = \"/eos/user/e/efe/DataAnalysis/ntuples_and_plots/11nov/MC13TeV_2017_TTJets.root\"\n",
    "inputFileName4 = \"/eos/user/e/efe/DataAnalysis/ntuples_and_plots/11nov/MC13TeV_2017_TTWJetsToLNu.root\"\n",
    "inputFileName5 = \"/eos/user/e/efe/DataAnalysis/ntuples_and_plots/11nov/MC13TeV_2017_TTZToLLNuNu.root\"\n",
    "inputFileName6 = \"/eos/user/e/efe/DataAnalysis/ntuples_and_plots/11nov/MC13TeV_2017_tZq_ll.root\"\n",
    "\n",
    "inputFile = ROOT.TFile.Open( inputFileName )\n",
    "inputFile2 = ROOT.TFile.Open( inputFileName2 )\n",
    "inputFile4 = ROOT.TFile.Open( inputFileName4 )\n",
    "inputFile5 = ROOT.TFile.Open( inputFileName5 )\n",
    "inputFile6 = ROOT.TFile.Open( inputFileName6 )\n",
    "\n",
    "# retrieve input trees\n",
    "\n",
    "signalTree     = inputFile.Get(\"TreeInput\")\n",
    "TTJets = inputFile2.Get(\"TreeInput\")\n",
    "TTWJetsToLNu = inputFile4.Get(\"TreeInput\")\n",
    "TTZToLLNuNu = inputFile5.Get(\"TreeInput\")\n",
    "tZq_ll = inputFile6.Get(\"TreeInput\")\n",
    "\n",
    "\n",
    "signalTree.Print()\n",
    "#TTJets.Print()\n",
    "#TTWJetsToLNu.Print()\n",
    "#TTZToLLNuNu.Print()\n",
    "#tZq_ll.Print()\n"
   ]
  },
  {
   "cell_type": "markdown",
   "metadata": {},
   "source": [
    "## Declare DataLoader(s)\n",
    "\n",
    "Declare the DataLoader class that deals with input data and variables \n",
    "\n",
    "We add first the signal and background trees in the data loader and then we\n",
    "define the input variables that shall be used for the MVA training\n",
    "note that you may also use variable expressions, which can be parsed by TTree::Draw( \"expression\" )]"
   ]
  },
  {
   "cell_type": "code",
   "execution_count": 11,
   "metadata": {},
   "outputs": [
    {
     "name": "stdout",
     "output_type": "stream",
     "text": [
      "create data set info dataset\n",
      "DataSetInfo              : [dataset] : Added class \"Signal\"\n",
      "                         : Add Tree TreeInput of type Signal with 411307 events\n",
      "DataSetInfo              : [dataset] : Added class \"Background\"\n",
      "                         : Add Tree TreeInput of type Background with 54906 events\n",
      "                         : Add Tree TreeInput of type Background with 56082 events\n",
      "                         : Add Tree TreeInput of type Background with 26302 events\n"
     ]
    }
   ],
   "source": [
    "loader = ROOT.TMVA.DataLoader(\"dataset\")\n",
    "\n",
    "### global event weights per tree (see below for setting event-wise weights)\n",
    "signalWeight     = 1.0\n",
    "backgroundWeight = 1.0\n",
    "   \n",
    "### You can add an arbitrary number of signal or background trees\n",
    "loader.AddSignalTree    ( signalTree,    signalWeight      )#411307*0.043264=17794.786\n",
    "#loader.AddBackgroundTree( TTJets,  backgroundWeight)#3534*832=2940288.0\n",
    "loader.AddBackgroundTree( TTWJetsToLNu,  backgroundWeight)#54906*0.2198=12068.3388\n",
    "loader.AddBackgroundTree( TTZToLLNuNu,  backgroundWeight)#56082*0.2432=13639.1424\n",
    "loader.AddBackgroundTree( tZq_ll,  backgroundWeight)#26302*0.0735=1935.30116\n",
    "\n",
    "## Define input variables \n",
    "loader.AddVariable( \"CvsL1\", \"CvsL1\", \"\", 'F' )\n",
    "loader.AddVariable( \"CvsB1\", \"CvsB1\", \"\", 'F' )\n",
    "loader.AddVariable( \"CvsL2\", \"CvsL2\", \"\", 'F' )\n",
    "loader.AddVariable( \"CvsB2\", \"CvsB2\", \"\", 'F' )\n",
    "loader.AddVariable( \"CvsL3\", \"CvsL3\", \"\", 'F' )\n",
    "loader.AddVariable( \"CvsB3\", \"CvsB3\", \"\", 'F' )\n",
    "loader.AddVariable( \"t_m_lep_jet1\", \"t_m_lep_jet1\", \"GeV\", 'F' )#7 imp\n",
    "#loader.AddVariable( \"t_m_lep_bottom\",       \"t_m_lep_bottom\", \"GeV\", 'F' )\n",
    "loader.AddVariable( \"t_dphi_ll\", \"t_dphi_ll\", \"units\", 'F' ) # 8\n",
    "#loader.AddVariable(\"t_deepcsv\")\n",
    "loader.AddVariable(\"t_pt_l1\")\n",
    "loader.AddVariable(\"t_pt_l2\")\n",
    "loader.AddVariable(\"t_eta_l1\")\n",
    "loader.AddVariable(\"t_eta_l2\")\n",
    "loader.AddVariable(\"t_phi_l1\")\n",
    "loader.AddVariable(\"t_phi_l2\")\n",
    "loader.AddVariable(\"t_pt_j1\")\n",
    "loader.AddVariable(\"t_pt_j2\")\n",
    "loader.AddVariable(\"t_pt_j3\")\n",
    "loader.AddVariable(\"t_eta_j1\")\n",
    "loader.AddVariable(\"t_eta_j2\")\n",
    "loader.AddVariable(\"t_eta_j3\")\n",
    "loader.AddVariable(\"t_phi_j1\")\n",
    "loader.AddVariable(\"t_phi_j2\")\n",
    "loader.AddVariable(\"t_phi_j3\")\n",
    "#loader.AddVariable(\"t_met\")\n",
    "loader.AddVariable(\"t_HT\") #24\n",
    "\n",
    "loader.SetSignalWeightExpression(\"t_weight\");\n",
    "loader.SetBackgroundWeightExpression(\"t_weight\" );"
   ]
  },
  {
   "cell_type": "markdown",
   "metadata": {},
   "source": [
    "## Setup Dataset(s)\n",
    "\n",
    "Setup the DataLoader by splitting events in training and test samples. \n",
    "Here we use a random split and a fixed number of training and test events.\n"
   ]
  },
  {
   "cell_type": "code",
   "execution_count": 5,
   "metadata": {},
   "outputs": [],
   "source": [
    "\n",
    "## Apply additional cuts on the signal and background samples (can be different)\n",
    "mycuts = ROOT.TCut(\"\")   ## for example: TCut mycuts = \"abs(var1)<0.5 && abs(var2-0.5)<1\";\n",
    "mycutb = ROOT.TCut(\"\")   ## for example: TCut mycutb = \"abs(var1)<0.5\";\n",
    "\n",
    "\n",
    "loader.PrepareTrainingAndTestTree( mycuts, mycutb,\n",
    "                                  \"nTrain_Signal=100000:nTrain_Background=50000:SplitMode=Random:\n",
    "                                  NormMode=None:!V\")\n",
    "                                  # \"NormMode=NumEvents:!V\" )\n",
    "                                  #\"SplitMode=Random:NormMode=None:!V\") \n",
    "                                  # \"SplitMode=Random:NormMode=NumEvents:!V\")  \n",
    "                                  #\"SplitMode=Random:NormMode=EqualNumEvents:!V\")"
   ]
  },
  {
   "cell_type": "markdown",
   "metadata": {},
   "source": [
    "# Booking Methods\n",
    "\n",
    "Here we book the TMVA methods. We book a Likelihood based a BDT and a standard MLP (shallow NN)"
   ]
  },
  {
   "cell_type": "code",
   "execution_count": 6,
   "metadata": {},
   "outputs": [
    {
     "data": {
      "text/plain": [
       "<ROOT.TMVA::MethodBDT object (\"BDT\") at 0x74c7fd0>"
      ]
     },
     "execution_count": 6,
     "metadata": {},
     "output_type": "execute_result"
    },
    {
     "name": "stdout",
     "output_type": "stream",
     "text": [
      "Factory                  : Booking method: \u001b[1mBDT\u001b[0m\n",
      "                         : \n",
      "                         : Building event vectors for type 2 Signal\n",
      "                         : Dataset[dataset] :  create input formulas for tree TreeInput\n",
      "                         : Building event vectors for type 2 Background\n",
      "                         : Dataset[dataset] :  create input formulas for tree TreeInput\n",
      "                         : Building event vectors for type 2 Background\n",
      "                         : Dataset[dataset] :  create input formulas for tree TreeInput\n",
      "                         : Building event vectors for type 2 Background\n",
      "                         : Dataset[dataset] :  create input formulas for tree TreeInput\n",
      "DataSetFactory           : [dataset] : Number of events in input trees\n",
      "                         : \n",
      "                         : \n",
      "                         : Dataset[dataset] : No weight renormalisation applied: use original global and event weights\n",
      "DataSetInfo              : Correlation matrix (Signal):\n",
      "                         : ------------------------------------------------------------------------------------------------------------------------------------------------------------------------------------------------------------------------------\n",
      "                         :                 CvsL1   CvsB1   CvsL2   CvsB2   CvsL3   CvsB3 t_m_lep_jet1 t_dphi_ll t_pt_l1 t_pt_l2 t_eta_l1 t_eta_l2 t_phi_l1 t_phi_l2 t_pt_j1 t_pt_j2 t_pt_j3 t_eta_j1 t_eta_j2 t_eta_j3 t_phi_j1 t_phi_j2 t_phi_j3    t_HT\n",
      "                         :        CvsL1:  +1.000  -0.640  -0.147  +0.212  -0.149  +0.185       -0.163    +0.001  -0.037  -0.011   -0.004   -0.001   +0.004   -0.002  -0.177  -0.093  -0.080   -0.003   +0.000   -0.004   -0.014   +0.004   +0.004  -0.059\n",
      "                         :        CvsB1:  -0.640  +1.000  +0.224  -0.326  +0.204  -0.264       +0.125    -0.000  +0.005  -0.005   +0.000   -0.005   -0.008   +0.004  +0.094  +0.008  +0.017   -0.003   -0.002   -0.000   +0.005   -0.004   -0.003  +0.048\n",
      "                         :        CvsL2:  -0.147  +0.224  +1.000  -0.677  -0.111  +0.130       +0.019    +0.001  -0.022  -0.012   +0.003   -0.004   -0.002   +0.002  +0.017  -0.026  -0.059   -0.003   +0.000   +0.001   +0.002   -0.006   +0.004  -0.002\n",
      "                         :        CvsB2:  +0.212  -0.326  -0.677  +1.000  +0.141  -0.169       -0.040    -0.002  +0.017  +0.008   -0.004   +0.005   +0.001   -0.002  -0.056  +0.007  +0.054   +0.001   +0.004   -0.001   -0.002   +0.008   -0.007  -0.015\n",
      "                         :        CvsL3:  -0.149  +0.204  -0.111  +0.141  +1.000  -0.734       +0.030    +0.001  -0.017  -0.013   -0.000   +0.003   -0.003   -0.001  +0.031  +0.023  +0.043   +0.001   +0.001   -0.003   -0.004   +0.003   -0.006  +0.005\n",
      "                         :        CvsB3:  +0.185  -0.264  +0.130  -0.169  -0.734  +1.000       -0.043    +0.001  +0.018  +0.015   +0.000   -0.003   +0.003   -0.000  -0.039  -0.015  -0.015   +0.001   +0.000   +0.003   +0.003   -0.005   +0.010  -0.017\n",
      "                         : t_m_lep_jet1:  -0.163  +0.125  +0.019  -0.040  +0.030  -0.043       +1.000    -0.003  +0.574  +0.230   +0.004   +0.002   -0.002   +0.004  +0.546  +0.288  +0.170   +0.000   +0.002   +0.005   -0.001   -0.001   -0.002  +0.135\n",
      "                         :    t_dphi_ll:  +0.001  -0.000  +0.001  -0.002  +0.001  +0.001       -0.003    +1.000  -0.004  -0.003   +0.001   +0.008   -0.001   -0.002  +0.000  +0.000  -0.001   +0.004   +0.004   +0.001   +0.001   -0.003   -0.003  +0.001\n",
      "                         :      t_pt_l1:  -0.037  +0.005  -0.022  +0.017  -0.017  +0.018       +0.574    -0.004  +1.000  +0.490   +0.002   -0.001   +0.001   +0.002  +0.247  +0.130  +0.080   +0.003   +0.002   -0.000   +0.003   -0.000   -0.000  +0.057\n",
      "                         :      t_pt_l2:  -0.011  -0.005  -0.012  +0.008  -0.013  +0.015       +0.230    -0.003  +0.490  +1.000   -0.000   -0.002   +0.001   +0.002  +0.111  +0.062  +0.024   -0.002   -0.001   -0.002   +0.001   -0.002   +0.001  +0.030\n",
      "                         :     t_eta_l1:  -0.004  +0.000  +0.003  -0.004  -0.000  +0.000       +0.004    +0.001  +0.002  -0.000   +1.000   +0.121   -0.009   +0.001  -0.001  +0.001  -0.001   +0.344   +0.357   +0.303   -0.005   -0.000   +0.003  -0.002\n",
      "                         :     t_eta_l2:  -0.001  -0.005  -0.004  +0.005  +0.003  -0.003       +0.002    +0.008  -0.001  -0.002   +0.121   +1.000   +0.003   -0.009  +0.002  +0.003  +0.007   +0.363   +0.316   +0.232   -0.004   -0.003   +0.006  +0.001\n",
      "                         :     t_phi_l1:  +0.004  -0.008  -0.002  +0.001  -0.003  +0.003       -0.002    -0.001  +0.001  +0.001   -0.009   +0.003   +1.000   -0.134  -0.005  -0.004  -0.001   +0.004   +0.001   -0.000   -0.174   -0.051   -0.077  +0.002\n",
      "                         :     t_phi_l2:  -0.002  +0.004  +0.002  -0.002  -0.001  -0.000       +0.004    -0.002  +0.002  +0.002   +0.001   -0.009   -0.134   +1.000  +0.001  -0.000  -0.001   -0.007   -0.005   -0.003   -0.040   -0.050   -0.055  -0.001\n",
      "                         :      t_pt_j1:  -0.177  +0.094  +0.017  -0.056  +0.031  -0.039       +0.546    +0.000  +0.247  +0.111   -0.001   +0.002   -0.005   +0.001  +1.000  +0.668  +0.422   +0.003   +0.004   +0.003   +0.001   +0.001   -0.001  +0.218\n",
      "                         :      t_pt_j2:  -0.093  +0.008  -0.026  +0.007  +0.023  -0.015       +0.288    +0.000  +0.130  +0.062   +0.001   +0.003   -0.004   -0.000  +0.668  +1.000  +0.616   +0.003   +0.006   +0.002   +0.003   +0.001   -0.001  +0.154\n",
      "                         :      t_pt_j3:  -0.080  +0.017  -0.059  +0.054  +0.043  -0.015       +0.170    -0.001  +0.080  +0.024   -0.001   +0.007   -0.001   -0.001  +0.422  +0.616  +1.000   +0.002   +0.008   -0.000   +0.003   +0.003   -0.003  +0.110\n",
      "                         :     t_eta_j1:  -0.003  -0.003  -0.003  +0.001  +0.001  +0.001       +0.000    +0.004  +0.003  -0.002   +0.344   +0.363   +0.004   -0.007  +0.003  +0.003  +0.002   +1.000   +0.264   +0.198   -0.011   -0.000   +0.006  -0.002\n",
      "                         :     t_eta_j2:  +0.000  -0.002  +0.000  +0.004  +0.001  +0.000       +0.002    +0.004  +0.002  -0.001   +0.357   +0.316   +0.001   -0.005  +0.004  +0.006  +0.008   +0.264   +1.000   +0.151   +0.001   -0.005   +0.002  +0.001\n",
      "                         :     t_eta_j3:  -0.004  -0.000  +0.001  -0.001  -0.003  +0.003       +0.005    +0.001  -0.000  -0.002   +0.303   +0.232   -0.000   -0.003  +0.003  +0.002  -0.000   +0.198   +0.151   +1.000   -0.003   -0.001   -0.004  +0.001\n",
      "                         :     t_phi_j1:  -0.014  +0.005  +0.002  -0.002  -0.004  +0.003       -0.001    +0.001  +0.003  +0.001   -0.005   -0.004   -0.174   -0.040  +0.001  +0.003  +0.003   -0.011   +0.001   -0.003   +1.000   -0.252   -0.123  +0.001\n",
      "                         :     t_phi_j2:  +0.004  -0.004  -0.006  +0.008  +0.003  -0.005       -0.001    -0.003  -0.000  -0.002   -0.000   -0.003   -0.051   -0.050  +0.001  +0.001  +0.003   -0.000   -0.005   -0.001   -0.252   +1.000   -0.047  -0.002\n",
      "                         :     t_phi_j3:  +0.004  -0.003  +0.004  -0.007  -0.006  +0.010       -0.002    -0.003  -0.000  +0.001   +0.003   +0.006   -0.077   -0.055  -0.001  -0.001  -0.003   +0.006   +0.002   -0.004   -0.123   -0.047   +1.000  -0.001\n",
      "                         :         t_HT:  -0.059  +0.048  -0.002  -0.015  +0.005  -0.017       +0.135    +0.001  +0.057  +0.030   -0.002   +0.001   +0.002   -0.001  +0.218  +0.154  +0.110   -0.002   +0.001   +0.001   +0.001   -0.002   -0.001  +1.000\n",
      "                         : ------------------------------------------------------------------------------------------------------------------------------------------------------------------------------------------------------------------------------\n",
      "DataSetInfo              : Correlation matrix (Background):\n",
      "                         : ------------------------------------------------------------------------------------------------------------------------------------------------------------------------------------------------------------------------------\n",
      "                         :                 CvsL1   CvsB1   CvsL2   CvsB2   CvsL3   CvsB3 t_m_lep_jet1 t_dphi_ll t_pt_l1 t_pt_l2 t_eta_l1 t_eta_l2 t_phi_l1 t_phi_l2 t_pt_j1 t_pt_j2 t_pt_j3 t_eta_j1 t_eta_j2 t_eta_j3 t_phi_j1 t_phi_j2 t_phi_j3    t_HT\n",
      "                         :        CvsL1:  +1.000  -0.804  -0.140  +0.164  -0.244  +0.239       -0.180    +0.019  -0.061  -0.043   +0.002   -0.013   +0.003   +0.008  -0.231  -0.192  -0.206   +0.011   +0.000   +0.004   -0.026   +0.007   -0.008  +0.022\n",
      "                         :        CvsB1:  -0.804  +1.000  +0.146  -0.169  +0.257  -0.253       +0.132    -0.014  +0.036  +0.029   -0.001   +0.006   -0.006   -0.006  +0.149  +0.142  +0.173   -0.017   -0.006   -0.005   +0.012   -0.009   +0.018  -0.022\n",
      "                         :        CvsL2:  -0.140  +0.146  +1.000  -0.811  -0.235  +0.248       -0.024    +0.001  -0.043  -0.037   +0.018   -0.002   +0.010   -0.025  -0.028  -0.066  -0.116   -0.007   +0.008   -0.011   -0.008   +0.002   +0.012  -0.032\n",
      "                         :        CvsB2:  +0.164  -0.169  -0.811  +1.000  +0.260  -0.270       +0.014    -0.003  +0.043  +0.027   -0.019   -0.006   -0.005   +0.022  +0.015  +0.044  +0.113   +0.010   -0.008   -0.007   -0.003   +0.001   -0.018  +0.006\n",
      "                         :        CvsL3:  -0.244  +0.257  -0.235  +0.260  +1.000  -0.816       +0.042    +0.001  +0.007  -0.018   -0.002   -0.015   -0.000   -0.005  +0.033  +0.020  +0.036   -0.010   -0.012   +0.010   +0.013   +0.023   -0.001  -0.007\n",
      "                         :        CvsB3:  +0.239  -0.253  +0.248  -0.270  -0.816  +1.000       -0.041    +0.002  -0.006  +0.016   +0.012   +0.020   -0.016   +0.008  -0.029  -0.013  -0.025   +0.013   +0.021   +0.004   +0.010   -0.011   -0.008  +0.034\n",
      "                         : t_m_lep_jet1:  -0.180  +0.132  -0.024  +0.014  +0.042  -0.041       +1.000    +0.004  +0.666  +0.292   -0.006   +0.002   +0.005   -0.012  +0.606  +0.384  +0.271   -0.002   +0.006   -0.026   -0.023   -0.004   +0.009  +0.003\n",
      "                         :    t_dphi_ll:  +0.019  -0.014  +0.001  -0.003  +0.001  +0.002       +0.004    +1.000  +0.005  +0.018   +0.013   -0.012   +0.012   +0.000  -0.017  -0.012  -0.013   +0.011   +0.011   -0.009   +0.003   -0.007   -0.001  -0.015\n",
      "                         :      t_pt_l1:  -0.061  +0.036  -0.043  +0.043  +0.007  -0.006       +0.666    +0.005  +1.000  +0.471   -0.011   +0.006   -0.005   -0.006  +0.315  +0.196  +0.150   +0.009   -0.000   -0.011   -0.011   -0.000   -0.000  +0.023\n",
      "                         :      t_pt_l2:  -0.043  +0.029  -0.037  +0.027  -0.018  +0.016       +0.292    +0.018  +0.471  +1.000   +0.002   +0.013   -0.021   -0.001  +0.159  +0.111  +0.087   +0.001   -0.014   -0.005   -0.003   -0.009   +0.020  +0.016\n",
      "                         :     t_eta_l1:  +0.002  -0.001  +0.018  -0.019  -0.002  +0.012       -0.006    +0.013  -0.011  +0.002   +1.000   +0.225   -0.027   +0.006  -0.003  -0.004  +0.009   +0.304   +0.267   +0.212   +0.002   -0.003   -0.017  +0.020\n",
      "                         :     t_eta_l2:  -0.013  +0.006  -0.002  -0.006  -0.015  +0.020       +0.002    -0.012  +0.006  +0.013   +0.225   +1.000   +0.014   -0.034  +0.015  +0.015  +0.015   +0.297   +0.231   +0.192   +0.001   -0.013   +0.002  -0.015\n",
      "                         :     t_phi_l1:  +0.003  -0.006  +0.010  -0.005  -0.000  -0.016       +0.005    +0.012  -0.005  -0.021   -0.027   +0.014   +1.000   -0.088  +0.001  -0.006  +0.004   -0.000   +0.013   -0.011   -0.221   -0.072   -0.114  +0.042\n",
      "                         :     t_phi_l2:  +0.008  -0.006  -0.025  +0.022  -0.005  +0.008       -0.012    +0.000  -0.006  -0.001   +0.006   -0.034   -0.088   +1.000  -0.002  -0.002  -0.008   -0.002   -0.009   +0.006   -0.069   -0.063   -0.051  +0.008\n",
      "                         :      t_pt_j1:  -0.231  +0.149  -0.028  +0.015  +0.033  -0.029       +0.606    -0.017  +0.315  +0.159   -0.003   +0.015   +0.001   -0.002  +1.000  +0.714  +0.515   +0.011   +0.001   -0.024   -0.005   +0.007   +0.003  +0.021\n",
      "                         :      t_pt_j2:  -0.192  +0.142  -0.066  +0.044  +0.020  -0.013       +0.384    -0.012  +0.196  +0.111   -0.004   +0.015   -0.006   -0.002  +0.714  +1.000  +0.691   +0.010   +0.001   -0.019   +0.000   +0.006   +0.005  +0.014\n",
      "                         :      t_pt_j3:  -0.206  +0.173  -0.116  +0.113  +0.036  -0.025       +0.271    -0.013  +0.150  +0.087   +0.009   +0.015   +0.004   -0.008  +0.515  +0.691  +1.000   +0.003   -0.005   -0.004   +0.007   -0.003   -0.003  +0.027\n",
      "                         :     t_eta_j1:  +0.011  -0.017  -0.007  +0.010  -0.010  +0.013       -0.002    +0.011  +0.009  +0.001   +0.304   +0.297   -0.000   -0.002  +0.011  +0.010  +0.003   +1.000   +0.256   +0.227   -0.009   -0.004   +0.002  +0.021\n",
      "                         :     t_eta_j2:  +0.000  -0.006  +0.008  -0.008  -0.012  +0.021       +0.006    +0.011  -0.000  -0.014   +0.267   +0.231   +0.013   -0.009  +0.001  +0.001  -0.005   +0.256   +1.000   +0.248   +0.005   -0.021   +0.000  -0.041\n",
      "                         :     t_eta_j3:  +0.004  -0.005  -0.011  -0.007  +0.010  +0.004       -0.026    -0.009  -0.011  -0.005   +0.212   +0.192   -0.011   +0.006  -0.024  -0.019  -0.004   +0.227   +0.248   +1.000   -0.003   -0.002   -0.008  -0.036\n",
      "                         :     t_phi_j1:  -0.026  +0.012  -0.008  -0.003  +0.013  +0.010       -0.023    +0.003  -0.011  -0.003   +0.002   +0.001   -0.221   -0.069  -0.005  +0.000  +0.007   -0.009   +0.005   -0.003   +1.000   -0.136   -0.062  -0.028\n",
      "                         :     t_phi_j2:  +0.007  -0.009  +0.002  +0.001  +0.023  -0.011       -0.004    -0.007  -0.000  -0.009   -0.003   -0.013   -0.072   -0.063  +0.007  +0.006  -0.003   -0.004   -0.021   -0.002   -0.136   +1.000   -0.027  -0.016\n",
      "                         :     t_phi_j3:  -0.008  +0.018  +0.012  -0.018  -0.001  -0.008       +0.009    -0.001  -0.000  +0.020   -0.017   +0.002   -0.114   -0.051  +0.003  +0.005  -0.003   +0.002   +0.000   -0.008   -0.062   -0.027   +1.000  +0.003\n",
      "                         :         t_HT:  +0.022  -0.022  -0.032  +0.006  -0.007  +0.034       +0.003    -0.015  +0.023  +0.016   +0.020   -0.015   +0.042   +0.008  +0.021  +0.014  +0.027   +0.021   -0.041   -0.036   -0.028   -0.016   +0.003  +1.000\n",
      "                         : ------------------------------------------------------------------------------------------------------------------------------------------------------------------------------------------------------------------------------\n",
      "DataSetFactory           : [dataset] :  \n",
      "                         : \n"
     ]
    }
   ],
   "source": [
    "## Boosted Decision Trees\n",
    "factory.BookMethod(loader,ROOT.TMVA.Types.kBDT, \"BDT\",\n",
    "                   \"!V:NTrees=200:MinNodeSize=2.5%:MaxDepth=2:BoostType=AdaBoost:AdaBoostBeta=0.5:UseBaggedBoost:\"\n",
    "                   \"BaggedSampleFraction=0.5:SeparationType=GiniIndex:nCuts=20:SkipNormalization=True\" )#SkipNormalization=True\n",
    "\n",
    "## Multi-Layer Perceptron (Neural Network)\n",
    "#factory.BookMethod(loader, ROOT.TMVA.Types.kMLP, \"MLP\",\n",
    "#                   \"!H:!V:NeuronType=tanh:VarTransform=N:NCycles=100:HiddenLayers=N+5:TestRate=5:!UseRegulator\" );"
   ]
  },
  {
   "cell_type": "markdown",
   "metadata": {},
   "source": [
    "## Using scikit-learn\n",
    "\n",
    "here we book some scikit learn packages"
   ]
  },
  {
   "cell_type": "code",
   "execution_count": 10,
   "metadata": {},
   "outputs": [
    {
     "data": {
      "text/plain": [
       "<ROOT.TMVA::MethodPyAdaBoost object (\"PyAdaBoost\") at 0x1ae97d20>"
      ]
     },
     "execution_count": 10,
     "metadata": {},
     "output_type": "execute_result"
    },
    {
     "name": "stdout",
     "output_type": "stream",
     "text": [
      "Factory                  : Booking method: \u001b[1mPyGTB\u001b[0m\n",
      "                         : \n",
      "PyGTB                    : [dataset] : Create Transformation \"G\" with events from all classes.\n",
      "                         : \n",
      "                         : Transformation, Variable selection : \n",
      "                         : Input : variable 'CvsL1' <---> Output : variable 'CvsL1'\n",
      "                         : Input : variable 'CvsB1' <---> Output : variable 'CvsB1'\n",
      "                         : Input : variable 'CvsL2' <---> Output : variable 'CvsL2'\n",
      "                         : Input : variable 'CvsB2' <---> Output : variable 'CvsB2'\n",
      "                         : Input : variable 'CvsL3' <---> Output : variable 'CvsL3'\n",
      "                         : Input : variable 'CvsB3' <---> Output : variable 'CvsB3'\n",
      "                         : Input : variable 't_m_lep_jet1' <---> Output : variable 't_m_lep_jet1'\n",
      "                         : Input : variable 't_dphi_ll' <---> Output : variable 't_dphi_ll'\n",
      "                         : Input : variable 't_pt_l1' <---> Output : variable 't_pt_l1'\n",
      "                         : Input : variable 't_pt_l2' <---> Output : variable 't_pt_l2'\n",
      "                         : Input : variable 't_eta_l1' <---> Output : variable 't_eta_l1'\n",
      "                         : Input : variable 't_eta_l2' <---> Output : variable 't_eta_l2'\n",
      "                         : Input : variable 't_phi_l1' <---> Output : variable 't_phi_l1'\n",
      "                         : Input : variable 't_phi_l2' <---> Output : variable 't_phi_l2'\n",
      "                         : Input : variable 't_pt_j1' <---> Output : variable 't_pt_j1'\n",
      "                         : Input : variable 't_pt_j2' <---> Output : variable 't_pt_j2'\n",
      "                         : Input : variable 't_pt_j3' <---> Output : variable 't_pt_j3'\n",
